mjd	phase angle	r_hc	r_gc	mag	rmsmag	band
60787.10978266204	10.749141077571023	2.463313844550096	1.5261178086481912	22.415	0.08	i
60787.11028865741	10.74933154492388	2.4633151352364986	1.5261216418125412	22.48	0.076	i
60787.111309155094	10.749715692427001	2.463317738308967	1.5261293718911486	22.653	0.09	i
60787.11233025463	10.75010008079457	2.463320342916661	1.5261371056013406	22.519	0.076	i
60787.1129465625	10.75033209404823	2.4633219149862278	1.526141773008625	22.365	0.066	i
60787.11497945602	10.751097428411763	2.4633271004620334	1.5261571660873223	22.448	0.071	i
60787.115488159725	10.751288952028627	2.4633283980558254	1.5261610174245495	22.417	0.067	i
60787.11650885417	10.751673247931212	2.4633310016264653	1.5261687442973313	22.463	0.076	i
60787.11752716435	10.752056661505184	2.4633335991161474	1.526176452217543	22.448	0.076	i
60787.118035162035	10.752247938050989	2.4633348949072946	1.5261802970757212	22.475	0.087	i
60787.11915486111	10.752669552696442	2.463337751017099	1.5261887709061202	22.23	0.062	i
60787.12431576389	10.75461310132099	2.463350915349405	1.5262278144357158	22.404	0.094	i
60787.124827962965	10.75480601361581	2.463352221856062	1.526231688113615	22.353	0.067	i
60787.125841863424	10.755187896979944	2.4633548080923626	1.5262393554272071	22.596	0.093	i
60787.12738085648	10.755767587156422	2.463358733721728	1.5262509919425535	22.287	0.062	i
60787.128398657405	10.756150982235683	2.4633613299055255	1.5262586865763879	22.369	0.063	i
60787.12941436343	10.756533605404131	2.463363920744815	1.526266364515227	22.399	0.072	i
60787.12992315972	10.75672527892259	2.4633652185707136	1.5262702102958647	22.391	0.071	i
60787.13094915509	10.75711180469246	2.4633678356546755	1.526277964719654	22.37	0.064	i
60787.13196466435	10.757494397912089	2.463370425991205	1.5262856390434387	22.554	0.083	i
60787.132473564816	10.757686132808358	2.4633717240812296	1.5262894845458466	22.322	0.068	i
60787.13354326389	10.758089170916397	2.463374452643148	1.5262975670386814	22.42	0.07	i
60790.11731216435	11.876607983098262	2.4709825696594097	1.550153382932225	22.909	0.099	r
60790.11781895833	11.876792231328837	2.4709838613868182	1.5501575511768018	22.628	0.074	r
60790.118846157406	11.877165688944377	2.4709864795361827	1.5501659989592642	22.839	0.07	r
60790.1198728588	11.877538982089643	2.4709890964148116	1.5501744417595833	22.807	0.075	r
60790.1203753588	11.877721689765647	2.4709903771981745	1.550178573613642	22.753	0.076	r
60790.12139645834	11.878092971154311	2.470992979797417	1.550186969048818	22.751	0.098	r
60790.122444155095	11.878473941334109	2.4709956501884944	1.5501955822708242	22.79	0.09	r
60790.12295456018	11.878659544492848	2.4709969511183165	1.550199778032265	22.689	0.07	r
60790.12398135417	11.87903294015665	2.470999568231262	1.5502082181037602	22.889	0.087	r
60790.132206064816	11.88202452343168	2.471020531502387	1.5502757930775126	22.693	0.067	r
60790.13375065972	11.882586474746844	2.471024468385527	1.5502884776398551	22.849	0.078	r
60790.13617025463	11.883466854873243	2.4710306354744316	1.5503083441845782	23.466	0.086	g
60790.13667755787	11.88365145334607	2.471031928494543	1.5503125089280139	23.385	0.086	g
60790.13875005787	11.884405648707547	2.471037210899643	1.5503295212291728	23.477	0.091	g
60790.14024085648	11.884948210468822	2.471041010658677	1.550341756588346	23.458	0.09	g
60790.14126815972	11.885322112645825	2.471043629055995	1.550350186960386	23.391	0.08	g
60790.14800275463	11.887773787745832	2.4710607942160023	1.550405434079	23.448	0.088	g
60790.148509259256	11.887958214059713	2.471062085196254	1.5504095878694601	23.276	0.072	g
60790.17741975695	11.898494363899658	2.4711357719948523	1.5506464026140943	23.389	0.098	g
60790.17847115741	11.898877905933759	2.471138451782428	1.5506550056006005	23.402	0.109	g
60790.18137706019	11.89993809777921	2.4711458582839896	1.550678779842787	22.412	0.072	i
60790.1826790625	11.90041318994421	2.4711491767972915	1.5506894305763765	22.564	0.095	i
60790.18377085648	11.900811611272536	2.4711519595343416	1.5506983610821738	22.508	0.088	i
60790.184280960646	11.900997770815811	2.4711532596758805	1.5507025333609177	22.68	0.11	i
60790.18532755787	11.90137974080855	2.4711559272156842	1.5507110933500305	22.655	0.102	i
60790.18642106481	11.901778861064647	2.471158714317103	1.5507200364354512	22.503	0.082	i
60790.18797385417	11.902345668164749	2.471162672024592	1.550732734706692	22.445	0.077	i
60790.18904986111	11.902738474204925	2.4711654145208257	1.5507415333157586	22.624	0.09	i
60790.18956115741	11.902925138043509	2.471166717698107	1.5507457140434804	22.603	0.105	i
60790.19061106481	11.903308459155236	2.4711693936715027	1.5507542984669822	22.511	0.076	i
60793.1355990625	12.963680563745774	2.4786721293223	1.5762473488317899	23.718	0.107	g
60793.1360865625	12.963850184417813	2.478673370702193	1.5762516566114029	23.595	0.102	g
60793.137054363426	12.96418693441099	2.478675835127015	1.5762602080346315	23.557	0.114	g
60793.13803065972	12.964526659378791	2.478678321185358	1.576268833840494	23.56	0.103	g
60793.13851606481	12.964695574275922	2.478679557228267	1.5762731222489623	23.566	0.098	g
60793.1390024537	12.96486483629884	2.4786807957765005	1.576277419180854	23.489	0.101	g
60793.139491354166	12.965034977198668	2.4786820407205563	1.5762817381323626	23.341	0.098	g
60793.14047425926	12.965377049856366	2.478684543605232	1.5762904206108683	23.575	0.111	g
60793.14095516204	12.965544421761733	2.4786857681831242	1.576294668409661	23.731	0.117	g
60793.14193525463	12.965885544555803	2.47868826390334	1.5763033250278549	23.368	0.08	g
60793.142930462964	12.966231948771329	2.478690798115047	1.576312114472878	23.373	0.079	g
60793.143418761574	12.966401919276084	2.478692041524243	1.576316426757359	23.585	0.094	g
60793.144401157406	12.966743893802409	2.478694543108339	1.576325102038895	23.354	0.086	g
60793.18356665509	12.980395302162322	2.478794273900722	1.5766704797427384	22.788	0.104	r
60793.184043263886	12.980561657590464	2.4787954875268134	1.5766746776461562	22.832	0.1	r
60793.18501516204	12.98090090673581	2.478797962344711	1.576683237668687	22.888	0.099	r
60793.1860074537	12.98124729976813	2.478800489091635	1.5766919768778522	22.796	0.102	r
60793.1865253588	12.98142810233917	2.4788018078724066	1.5766965379489506	22.953	0.109	r
60793.18701505787	12.981599064528051	2.4788030548298265	1.576700850509368	22.966	0.122	r
60793.187517858794	12.98177460716014	2.47880433514805	1.5767052783407036	23.006	0.118	r
60793.19100565972	12.982992485465065	2.4788132163877328	1.5767359901774172	22.859	0.09	r
60793.19200236111	12.983340575103014	2.478815754358494	1.5767447657210798	22.869	0.09	r
60793.19300085648	12.983689317733429	2.478818296895881	1.5767535566637003	23.008	0.089	r
60793.19351395834	12.983868538300595	2.478819603442545	1.5767580739601945	22.843	0.081	r
60793.19449115741	12.984209882142615	2.4788220917509496	1.5767666768401338	22.912	0.094	r
60793.196798460645	12.985015944546431	2.4788279669907998	1.576786988015889	23.433	0.103	g
60793.197317164355	12.98519717489176	2.478829287800258	1.5767915538934418	23.441	0.093	g
60793.19832956018	12.985550917629642	2.4788318657286466	1.576800465202854	23.253	0.083	g
60793.199321458334	12.985897525357858	2.4788343914621174	1.5768091957390806	23.688	0.124	g
60793.19981975694	12.986071660517089	2.4788356603123827	1.5768135815624948	23.463	0.09	g
60793.20083395833	12.986426103314287	2.4788382428356885	1.5768225078816556	23.461	0.104	g
60793.201834155094	12.986775679671775	2.4788407896992846	1.5768313106109768	23.539	0.104	g
60793.2023190625	12.986945168203011	2.4788420244477143	1.5768355781568009	23.554	0.102	g
60793.20333736111	12.987301113086222	2.4788446174033356	1.5768445397022877	23.481	0.111	g
60793.2043240625	12.987646040439756	2.47884712989961	1.576853222860143	23.479	0.103	g
60793.20484445602	12.987827968576832	2.4788484550087255	1.576857802300795	23.398	0.093	g
60795.03011165509	13.620281697008862	2.483494741742626	1.5936009537469624	23.115	0.114	r
60795.031108958334	13.620615821948267	2.483497279570623	1.5936102592023185	23.127	0.094	r
60795.03160115741	13.620780722683975	2.4834985320654126	1.5936148513500081	23.143	0.097	r
60795.03208975695	13.62094441730173	2.4834997753990136	1.5936194096636571	23.016	0.09	r
60795.03257805556	13.621108011313428	2.483501017968087	1.5936239649301465	23.059	0.086	r
60795.033550960645	13.621433962184886	2.4835034937076097	1.5936330402801335	23.0	0.091	r
60795.0340403588	13.62159792475001	2.483504739073699	1.5936376050684256	22.874	0.082	r
60795.03502016204	13.621926187414342	2.483507232365894	1.5936467432926085	22.968	0.094	r
60795.03599975695	13.62225438104378	2.483509725127491	1.5936558785914736	22.898	0.076	r
60795.03649755787	13.622421159701974	2.4835109918750624	1.5936605205041605	22.981	0.083	r
60795.056069363425	13.62897879465304	2.483560795776636	1.593842824626627	22.908	0.071	r
60795.067234953705	13.632720689363572	2.4835892084211486	1.593946656221314	22.933	0.081	r
60795.06772796296	13.632885930102592	2.483590462959931	1.5939512380171013	22.956	0.081	r
60795.068243761576	13.633058811103043	2.48359177548945	1.5939560313532821	22.947	0.08	r
60795.06876835648	13.633234642528212	2.4835931104023348	1.593960906169216	22.88	0.07	r
60795.06925565972	13.633397976697724	2.483594350420859	1.5939654342131202	22.89	0.08	r
60795.06974466435	13.63356188295417	2.483595594767765	1.5939699778322307	22.895	0.08	r
60795.07023085648	13.633724848568228	2.483596831958551	1.5939744950930181	23.239	0.112	r
60795.070718055555	13.633888153596537	2.483598071710965	1.5939790214787144	23.108	0.083	r
60795.07123925926	13.63406285883098	2.4835993979926436	1.593983863533681	23.006	0.08	r
60795.07172695602	13.634226334858926	2.4836006390112964	1.5939883940700483	23.06	0.084	r
60795.07269936342	13.634552292023292	2.4836031134488574	1.59399742671861	22.968	0.077	r
60795.07321585648	13.634725427247298	2.4836044277438267	1.5940022240329201	23.201	0.105	r
60795.09254275463	13.641205997219748	2.4836536077579634	1.5941815566630668	23.026	0.073	r
60795.14657815972	13.659354053301945	2.4837911065576614	1.5946812627297264	23.83	0.13	g
60795.14708055556	13.659523045576304	2.483792384943996	1.5946858986221935	23.741	0.112	g
60795.147565555555	13.65968619163265	2.4837936190653394	1.5946903738399987	23.528	0.086	g
60795.148054861114	13.659850791049587	2.483794864140966	1.59469488862825	23.569	0.082	g
60795.14954466435	13.660351984549179	2.4837986550608298	1.5947086340065766	23.649	0.09	g
60795.15003055555	13.66051545678615	2.483799891448944	1.5947131166853727	23.609	0.079	g
60795.15101126157	13.660845419292702	2.483802386929738	1.5947221639122169	23.591	0.099	g
60795.15200436342	13.661179574364974	2.483804913951915	1.5947313248833324	23.696	0.105	g
60795.152488657404	13.6613425357048	2.4838061462734524	1.5947357920804441	23.669	0.098	g
60795.1544653588	13.662007736389603	2.4838111761347816	1.59475402397729	23.819	0.105	g
60795.15494915509	13.66217055739259	2.483812407189695	1.5947584858622856	23.487	0.084	g
60797.021351655094	14.286192411269253	2.488559877863071	1.6126000163037273	22.662	0.099	i
60797.022357361115	14.286516735964268	2.4885624350683115	1.6126097924977882	22.79	0.1	i
60797.02332706018	14.286829447967092	2.4885649007181962	1.6126192176854306	22.697	0.084	i
60797.02380675926	14.286984142714383	2.488566120446753	1.6126238798577408	22.846	0.098	i
60797.024286354164	14.287138803645448	2.4885673399098454	1.612628540777695	22.746	0.103	i
60797.02526956019	14.287455869947433	2.4885698399018517	1.6126380952750825	22.761	0.095	i
60797.025751354166	14.287611239725194	2.4885710649564032	1.6126427768379166	22.852	0.126	i
60797.02622675926	14.28776454912999	2.488572273765773	1.6126473960847738	22.59	0.081	i
60797.02671626157	14.287922404488354	2.4885735184191353	1.6126521520593557	22.649	0.074	i
60797.028225358794	14.288409060098065	2.488577355586281	1.6126668127952735	22.591	0.092	i
60797.02966876158	14.28887453101148	2.488581025711407	1.6126808331156977	22.693	0.085	i
60797.03063516204	14.289186178106213	2.488583482967372	1.6126902189315355	22.737	0.079	i
60797.03111365741	14.289340484603356	2.488584699631536	1.612694865786649	22.82	0.083	i
60797.03208005787	14.289652132650827	2.488587156884855	1.6127042501572801	22.856	0.094	i
60797.032566354166	14.289808955427073	2.488588393383175	1.612708972042179	22.969	0.1	i
60797.033068854165	14.289971004050892	2.488589671083119	1.6127138510110968	22.846	0.086	i
60797.03354505787	14.290124572647851	2.48859088191827	1.612718474414054	22.841	0.073	i
60797.034055358796	14.290289137561931	2.4885921794525654	1.6127234286074301	22.805	0.074	i
60797.034531655096	14.290442736867005	2.488593390524033	1.6127280524311862	22.837	0.085	i
60797.035119155094	14.290632198219592	2.488594884349681	1.612733755479427	22.748	0.108	i
60797.03560236111	14.290788026596829	2.4885961129892364	1.6127384458495526	22.78	0.131	i
60797.03608695602	14.290944303361208	2.4885973451605046	1.612743149462259	22.751	0.093	i
60797.0365740625	14.29110139045526	2.4885985837169917	1.6127478772075856	22.723	0.09	i
60797.038033460645	14.291572035281572	2.488602294500839	1.6127620403439833	22.74	0.089	i
60797.03851436343	14.29172712385183	2.4886035172827206	1.6127667069214595	22.84	0.098	i
60797.03899376158	14.291881727629876	2.488604736237584	1.6127713586590575	22.657	0.089	i
60797.039471261574	14.292035720006156	2.488605950367052	1.6127759917494415	22.793	0.098	i
60797.039948564816	14.292189649484518	2.488607163995568	1.6127806226962536	22.821	0.095	i
60797.040427858796	14.292344221657393	2.4886083826860252	1.6127852727251564	22.735	0.102	i
60797.04093456019	14.292507633390438	2.4886096710641157	1.6127901883998814	22.676	0.082	i
60797.04140956019	14.292660821972715	2.4886108788346406	1.6127947962878357	22.761	0.092	i
60797.042879953704	14.29313503209823	2.4886146175682984	1.6128090588589468	22.652	0.079	i
60797.04335706018	14.293288903255146	2.488615830695566	1.612813686242204	22.734	0.081	i
60797.04437076389	14.293615834337833	2.4886184082132496	1.6128235172260095	22.677	0.09	i
60797.0453449537	14.293930025418282	2.488620885259497	1.612832964020187	22.704	0.069	i
60797.04582275463	14.294084124741545	2.488622100149727	1.6128375969375857	22.667	0.073	i
60797.04677826389	14.294392296599346	2.488624529696216	1.6128468611898557	22.926	0.108	i
60797.04773835648	14.294701950497743	2.4886269708948987	1.6128561689480658	22.773	0.085	i
60797.05030326389	14.295529218149118	2.488633492604204	1.6128810302642513	22.701	0.077	i
60797.05078275463	14.295683873268008	2.4886347117887606	1.6128856771694113	22.666	0.077	i
60797.0552353588	14.29712007788993	2.4886460332664084	1.6129288178791281	23.183	0.152	r
60797.055713657406	14.29727436169088	2.4886472494173986	1.6129334508746798	22.879	0.071	r
60797.05619736111	14.297430390533568	2.4886484793122405	1.6129381359979627	22.999	0.081	r
60797.05667326389	14.297583904356927	2.4886496893709724	1.6129427453324603	22.901	0.076	r
60797.05715296296	14.297738644303521	2.4886509090827738	1.6129473912109187	22.969	0.08	r
60797.05763766204	14.297894998733204	2.488652141508315	1.6129520852854167	22.982	0.081	r
60797.05811815972	14.29804999931202	2.4886533632502155	1.612956738439456	22.944	0.081	r
60797.058633657405	14.298216292032363	2.488654673985005	1.6129617302811505	22.93	0.082	r
60797.05911865741	14.298372748139494	2.4886559071734835	1.6129664265546046	22.988	0.082	r
60797.05959505787	14.29852643175068	2.4886571184964743	1.6129710393342087	23.072	0.081	r
60797.060553564814	14.29883564457945	2.4886595556506808	1.6129803194671344	22.951	0.063	r
60797.061048159725	14.29899520276161	2.4886608132360273	1.612985107716344	23.075	0.073	r
60797.0625040625	14.299464892621936	2.4886645150940323	1.6129992011331782	23.006	0.076	r
60797.06298335648	14.299619521510309	2.4886657337728026	1.6130038403371338	22.914	0.061	r
60797.0639478588	14.299930692738293	2.4886681861677973	1.613013175311744	23.019	0.077	r
60797.06491126157	14.300241516582215	2.488670635766356	1.6130224987405453	22.943	0.072	r
60797.0653840625	14.300394059607832	2.488671837934022	1.613027073987846	23.108	0.076	r
60797.06635175926	14.300706280097117	2.488674298448919	1.613036437618836	22.964	0.069	r
60797.06685865741	14.300869830378678	2.488675587314078	1.6130413421087995	22.865	0.065	r
60797.06734466435	14.301026641956062	2.4886768230582126	1.6130460442261647	23.013	0.074	r
60797.06782055555	14.30118019182782	2.4886780330829645	1.6130506482588582	23.012	0.064	r
60797.068297858794	14.301334199228066	2.488679246697406	1.6130552657315176	23.085	0.077	r
60797.068792858794	14.301493918727505	2.48868050530764	1.6130600541701219	22.997	0.102	r
60797.06936555556	14.301678711098921	2.4886819614736266	1.6130655939255711	22.947	0.1	r
60797.06984195602	14.30183243369725	2.488683172791496	1.613070201955738	23.008	0.116	r
60797.0703203588	14.301986804627886	2.488684389201565	1.6130748291392913	22.915	0.075	r
60797.07080085648	14.302141853540363	2.488685610937074	1.613079476360974	23.046	0.078	r
60797.07176186342	14.302451961422602	2.488688054435786	1.6130887702504704	22.926	0.075	r
60797.0722424537	14.302607046734112	2.488689276406189	1.6130934177069205	22.902	0.072	r
60797.07416415509	14.303227197216982	2.4886941626064494	1.6131119989530192	22.947	0.077	r
60797.07465025463	14.303384071762435	2.4886953985836606	1.6131166985757655	22.974	0.08	r
60797.075621157404	14.303697409611289	2.488697867241053	1.6131260846195725	23.016	0.074	r
60797.07709076389	14.304171711701342	2.488701603920988	1.6131402901109049	22.983	0.072	r
60797.07760085648	14.304336344642996	2.4887029009015498	1.613145220285105	22.862	0.066	r
60797.078565358795	14.304647646557685	2.4887053532817487	1.6131545417837247	22.942	0.07	r
60797.08101275463	14.305437611559482	2.488711576119326	1.6131781909216047	22.996	0.072	r
60797.08200335648	14.305757374880626	2.488714094857398	1.613187761508576	22.957	0.082	r
60797.082482060185	14.3059119030536	2.4887153120254886	1.613192386125891	23.078	0.077	r
60797.08344966435	14.3062242591641	2.488717772287998	1.6132017332267001	22.949	0.078	r
60797.08402585648	14.306410267185866	2.4887192373323175	1.6132072988594657	22.995	0.093	r
60797.08450626158	14.306565355985304	2.4887204588252967	1.6132119390212243	22.819	0.098	r
60797.0886553588	14.307904923268188	2.4887310084396232	1.6132520058095632	23.628	0.11	g
60797.08913925926	14.308061168357415	2.488732238818578	1.6132566777057227	23.798	0.129	g
60797.08961436342	14.308214576009293	2.4887334468302975	1.6132612644674222	23.621	0.099	g
60797.09009395833	14.308369436689407	2.488734666260299	1.613265894379779	23.745	0.109	g
60797.09057775463	14.308525657125278	2.488735896373305	1.6132705646459549	23.69	0.122	g
60797.091053854165	14.308679395191682	2.4887371069157043	1.6132751604072524	23.781	0.125	g
60797.09153856481	14.30883591693601	2.4887383393524187	1.6132798390829326	23.596	0.112	g
60797.09201576389	14.308990016115501	2.4887395526897658	1.613284445049169	23.698	0.097	g
60797.092498460646	14.309145893862722	2.4887407800063714	1.6132891038778907	23.786	0.117	g
60797.09297585648	14.309300062671015	2.488741993842881	1.6132937113351382	23.586	0.116	g
60797.093455462964	14.309454948752801	2.488743213301974	1.6132983399328547	23.587	0.102	g
60797.09442395833	14.309767727960526	2.4887456758189206	1.6133076860857851	23.578	0.097	g
60797.0949015625	14.30992197677189	2.4887468901849017	1.6133122947473757	23.554	0.105	g
60797.096359560186	14.31039287692353	2.488750597317992	1.6133263625256693	23.742	0.113	g
60797.09683826389	14.31054749387229	2.4887518144784213	1.6133309809877754	23.736	0.105	g
60797.097803460645	14.310859253731277	2.488754268604483	1.6133402924606994	23.861	0.138	g
60797.09878255787	14.311175517402571	2.488756758074272	1.6133497372169656	23.783	0.113	g
60797.09926296296	14.311330700806172	2.4887579795598107	1.613354371089541	23.656	0.096	g
60797.10022266204	14.31164071892813	2.4887604197051427	1.6133636275253127	23.591	0.082	g
60797.10119525463	14.311954916220403	2.4887628926331917	1.613373007520337	23.575	0.103	g
60797.101671261575	14.312108696034498	2.488764102934667	1.6133775979895564	23.536	0.085	g
60797.102168460646	14.312269325936832	2.4887653671195715	1.6133823926253745	23.664	0.098	g
60797.10265266203	14.312425760211559	2.4887665982553404	1.6133870617167312	23.631	0.115	g
60797.10321956019	14.312608916651172	2.4887680396578498	1.6133925279960821	23.597	0.124	g
60797.10369606481	14.312762872073543	2.4887692512240034	1.6133971224510772	23.835	0.173	g
60797.10417576389	14.312917863013816	2.4887704709109424	1.6134017475098361	23.547	0.089	g
60797.10465436343	14.313072502465369	2.488771687803409	1.613406361780851	23.539	0.094	g
60797.106114560185	14.313544326307001	2.488775400513565	1.613420438638063	23.483	0.105	g
60797.10659076389	14.313698206124982	2.4887766113122263	1.61342502903824	23.5	0.094	g
60797.10707456018	14.313854543290372	2.4887778414168493	1.6134296924404246	23.747	0.114	g
60797.10756266204	14.314012275595768	2.488779082468435	1.6134343971485516	23.67	0.126	g
60797.10804425926	14.31416790962983	2.488780306980565	1.6134390389660391	23.649	0.121	g
60797.109007453706	14.314479189072408	2.4887827560040927	1.6134483220306535	23.562	0.103	g
60797.10948665509	14.314634060212555	2.488783974423852	1.6134529401901803	23.686	0.125	g
60797.11094186342	14.315104386652843	2.488787674443671	1.6134669631860203	23.685	0.096	g
60797.1123940625	14.315573775749412	2.4887913668079467	1.6134809554713954	23.764	0.122	g
60797.11337576389	14.315891108050907	2.488793862883601	1.61349041344528	23.699	0.106	g
60797.113854953706	14.316046010808693	2.4887950812715576	1.6134950298072033	23.676	0.118	g
60797.114815057874	14.316356385867133	2.4887975224322463	1.613504278599221	23.74	0.115	g
60797.11577425926	14.316666485274363	2.488799961297397	1.6135135179710756	23.658	0.112	g
60797.11625346065	14.316821411880248	2.4888011797137435	1.613518133537697	23.781	0.11	g
60797.1172224537	14.317134701478984	2.4888036434731733	1.6135274661281034	23.871	0.152	g
60797.11779525463	14.317319904146563	2.4888050998740594	1.6135329825555207	23.791	0.137	g
60797.118279560185	14.31747649840827	2.4888063312670905	1.6135376465204394	23.737	0.167	g
60797.11875346065	14.317629732522636	2.4888075362048356	1.613542210109984	23.987	0.162	g
60797.11924275463	14.31778794825606	2.4888087802810936	1.6135469217523337	23.674	0.132	g
60797.12022145833	14.318104430281052	2.4888112687274067	1.6135563456011754	23.778	0.13	g
60797.12118805556	14.318417014772677	2.488813726391291	1.6135656521615478	23.641	0.09	g
60797.12167315972	14.318573897356854	2.4888149598131295	1.6135703225564588	23.703	0.092	g
60797.12215945602	14.318731169856958	2.4888161962657214	1.6135750042497083	23.507	0.098	g
60797.12264466435	14.318888094960418	2.488817429952274	1.6135796752928744	23.693	0.104	g
60797.12313206019	14.319045732044321	2.488818669200948	1.6135843672184185	23.667	0.109	g
60797.123610462964	14.319200464797033	2.4888198855830534	1.6135889723965853	23.711	0.108	g
60797.12558305555	14.319838518497024	2.488824901074954	1.6136079590760353	23.631	0.139	g
60797.126062662035	14.319993663001133	2.488826120516428	1.6136125749693968	23.647	0.115	g
60797.12704315972	14.320310851147461	2.4888286135173745	1.6136220110842356	23.675	0.12	g
60797.12804005787	14.320633364009103	2.488831148217212	1.6136316043163403	23.728	0.117	g
60797.128516655095	14.320787557733562	2.4888323600053606	1.613636190391226	23.77	0.13	g
60797.12949516204	14.321104148856055	2.4888348479422517	1.6136456056067232	23.527	0.116	g
60797.130467662035	14.321418815245064	2.488837320604762	1.6136549623427223	23.696	0.145	g
60797.13096675926	14.321580312641025	2.48883858960053	1.613659764055547	23.481	0.108	g
60797.132505960646	14.322078397560523	2.4888425031457686	1.6136745712925697	23.596	0.124	g
60797.13347255787	14.322391212417477	2.4888449607958707	1.6136838691795887	23.827	0.134	g
60798.01056255787	14.607642123038225	2.49107462227003	1.6223207426408723	22.672	0.156	i
60798.01105165509	14.607796698610084	2.4910758653795795	1.6223255928164182	22.841	0.153	i
60798.01153016204	14.60794792625665	2.491077081570373	1.6223303377235736	22.699	0.15	i
60798.012517256946	14.608259886609002	2.4910795904092184	1.6223401250794685	23.08	0.192	i
60798.01299456019	14.608410731952993	2.491080803540973	1.6223448573244748	22.657	0.146	i
60798.013494756946	14.608568811768713	2.4910820748589395	1.6223498162908716	22.551	0.131	i
60798.01398425926	14.608723511162797	2.491083318995419	1.622354668979877	22.717	0.15	i
60798.014469155096	14.608876754223163	2.491084551424049	1.6223594757573496	22.79	0.164	i
60798.01544466435	14.60918504558529	2.4910870308120514	1.6223691452451594	22.79	0.15	i
60798.015929664354	14.609338320029188	2.4910882635050213	1.6223739523172143	22.831	0.166	i
60798.01691505787	14.609649732096731	2.491090768013285	1.6223837182718224	22.695	0.142	i
60798.01790626157	14.60996297869511	2.4910932872886935	1.6223935407909356	22.987	0.177	i
60798.01839016204	14.610115903403642	2.4910945171848393	1.6223983357190823	22.717	0.145	i
60798.019378460645	14.610428229649019	2.4910970290745515	1.622408127929416	22.801	0.141	i
60798.02035626157	14.610737237263917	2.491099514282699	1.6224178151282629	23.028	0.18	i
60798.02083716435	14.610889213231108	2.4911007365591185	1.6224225791278075	22.888	0.156	i
60798.021901458334	14.611225553027447	2.4911034415983098	1.622433121557632	22.655	0.155	i
60798.02238516204	14.611378413410675	2.491104670991711	1.6224379125211263	22.833	0.226	i
60798.02287126157	14.611532030936427	2.4911059064753323	1.6224427269741046	22.623	0.139	i
60798.02335376157	14.611684510817291	2.491107132809962	1.6224475055331278	22.632	0.14	i
60798.02383695602	14.611837210026911	2.4911083609089877	1.622452290725783	22.989	0.202	i
60798.02480986111	14.612144667626206	2.4911108336686727	1.6224619249092032	22.618	0.142	i
60798.02528725695	14.612295534317807	2.491112047029544	1.6224666519580244	22.768	0.159	i
60798.02577266204	14.612448932001108	2.491113280745793	1.6224714580663768	22.632	0.15	i
60798.02768925926	14.61305461582665	2.491118152010988	1.622490432360292	22.493	0.131	i
60798.0296540625	14.613675536087841	2.491123145793922	1.6225098799447808	22.579	0.138	i
60798.03013936343	14.613828902233964	2.4911243792439253	1.6225146828296064	22.972	0.206	i
60798.03213115741	14.614458357459597	2.4911294416214864	1.622534392494269	22.74	0.159	i
60798.03262486111	14.614614380763559	2.491130696427013	1.6225392772749485	22.637	0.141	i
60798.03358826389	14.614918842274793	2.491133145025032	1.6225488086007875	22.728	0.148	i
60798.03406466435	14.615069398600715	2.4911343558521204	1.6225535214716407	22.74	0.181	i
60798.03455076389	14.61522302034412	2.4911355913283573	1.6225583300439954	22.832	0.183	i
60798.03551035879	14.615526282333612	2.4911380302476287	1.6225678218026174	22.992	0.193	i
60798.03657885417	14.61586396271329	2.4911407459479604	1.6225783896263115	22.521	0.131	i
60798.04046236111	14.617091307676601	2.4911506163043113	1.6226167891298404	23.115	0.147	r
60798.04094195602	14.617242882284858	2.491151835245638	1.6226215302183384	23.051	0.132	r
60798.043686655095	14.618110352951364	2.4911588111856524	1.6226486587431905	22.984	0.136	r
60798.04419876157	14.618272209185013	2.4911601127578877	1.622653719544749	22.854	0.112	r
60798.04468675926	14.618426446517539	2.4911613530539762	1.6226585418446404	23.267	0.176	r
60798.04564805556	14.618730278393405	2.491163796286211	1.6226680404854594	22.82	0.11	r
60798.04613766204	14.618885027352691	2.4911650406706003	1.6226728779650335	22.837	0.105	r
60798.04664755787	14.6190461902964	2.49116633662209	1.6226779156525941	22.911	0.102	r
60798.04712925926	14.619198442956531	2.491167560914436	1.6226826745430085	22.884	0.108	r
60798.04859175926	14.619660706058545	2.491171278001664	1.6226971216343924	23.001	0.121	r
60798.049075856485	14.6198137206665	2.4911725083822125	1.622701903245254	23.153	0.144	r
60798.05003346065	14.620116406190185	2.4911749422268628	1.6227113611713313	23.017	0.128	r
60798.051033564814	14.620432530553769	2.491177484087064	1.6227212378682372	22.698	0.101	r
60798.05151525463	14.620584790609573	2.4911787083475088	1.6227259945203536	23.074	0.141	r
60798.05248475695	14.620891250097856	2.4911811724285897	1.6227355675806747	23.099	0.131	r
60798.05297145833	14.621045098545006	2.491182409426515	1.6227403730181718	23.326	0.186	r
60798.05345305555	14.621197334827418	2.491183633450417	1.6227451278232365	23.076	0.153	r
60798.053933854164	14.621349320091568	2.491184855444332	1.6227498745132174	22.791	0.114	r
60798.054425462964	14.621504724107416	2.491186104913428	1.6227547276904621	22.944	0.131	r
60798.05548796296	14.621840599544463	2.491188805353444	1.6227652158998869	22.866	0.138	r
60798.05645005787	14.622144741573145	2.491191250604058	1.622774712020368	22.791	0.107	r
60798.05696686343	14.622308119277948	2.4911925641120423	1.6227798126465183	23.017	0.132	r
60798.057937060184	14.622614832273477	2.4911950299519665	1.6227893873090666	23.003	0.136	r
60798.05841686342	14.622766517359405	2.4911962494143394	1.6227941220439777	23.055	0.14	r
60798.058896863426	14.622918266230421	2.4911974693759067	1.6227988584912323	22.733	0.094	r
60798.059389155096	14.62307390275864	2.4911987205773714	1.6228037159916433	22.834	0.122	r
60798.05987725694	14.623228216544469	2.4911999611304623	1.6228085319181682	23.006	0.144	r
60798.06035925926	14.623380603662193	2.4912011861803895	1.6228132874317711	23.066	0.147	r
60798.06135585648	14.6236956879593	2.491203719117407	1.6228231193054459	23.124	0.137	r
60798.061836458335	14.623847637715318	2.491204940606536	1.6228278603042476	22.923	0.116	r
60798.06329706019	14.624309441378253	2.4912086528474098	1.6228422673483909	22.991	0.132	r
60798.06475395834	14.624770091435263	2.491212355672264	1.622856635791647	23.037	0.118	r
60798.06572716435	14.625077815081045	2.4912148291529803	1.6228662327464831	23.014	0.116	r
60798.06621055555	14.62523066429754	2.491216057729066	1.6228709992082937	22.854	0.11	r
60798.067169155096	14.625533781633445	2.4912184940849356	1.622880450785771	22.933	0.124	r
60798.06816645833	14.62584914625841	2.4912210288087335	1.62289028303687	22.917	0.125	r
60798.06865775463	14.626004505889073	2.4912222774748574	1.6228951262917184	23.137	0.155	r
60798.069139756946	14.626156928820288	2.491223502520154	1.6228998777037875	23.089	0.162	r
60798.07020495371	14.626493782397791	2.4912262097979667	1.6229103772599387	22.941	0.148	r
60798.070691354165	14.626647603325157	2.491227446020721	1.6229151713080672	22.923	0.188	r
60798.07117206018	14.626799625640595	2.4912286677700473	1.622919909008248	23.011	0.139	r
60798.071650659724	14.626950984131641	2.4912298841660965	1.6229246257322874	23.104	0.143	r
60798.07261826389	14.627256998596287	2.4912323434018218	1.622934161058083	22.934	0.136	r
60798.07309975695	14.627409279177067	2.4912335671514545	1.6229389056390364	23.224	0.175	r
60798.07358466435	14.62756264180835	2.491234799577146	1.622943683637481	23.027	0.141	r
60798.074073055555	14.627717108951401	2.4912360408587966	1.6229484957465066	22.644	0.103	r
60798.075049756946	14.628026024774526	2.491238523213015	1.6229581184837125	22.934	0.122	r
60798.07601665509	14.628331849970822	2.4912409806509386	1.6229676437561185	22.998	0.129	r
60798.07649835648	14.628484213498934	2.491242204927381	1.6229723888476022	23.421	0.21	r
60798.07797766204	14.62895213804086	2.4912459646810303	1.6229869596793525	22.886	0.118	r
60798.07845956019	14.629104574316935	2.491247189457327	1.622991705831879	23.301	0.173	r
60798.079423159725	14.62940939231475	2.491249638507675	1.6230011955480341	23.122	0.148	r
60798.0804265625	14.629726812702323	2.4912521887196784	1.6230110763430732	23.199	0.147	r
60798.080912060184	14.629880401101286	2.4912534226421714	1.6230158568435886	23.02	0.118	r
60798.08188085648	14.630186890573972	2.4912558848978636	1.6230253955461977	23.174	0.13	r
60798.08286736111	14.630498993867647	2.4912583921600886	1.6230351077234593	22.948	0.14	r
60798.08335165509	14.630652215551217	2.4912596230219224	1.6230398752889044	22.944	0.125	r
60798.08432576389	14.630960414461212	2.4912620987776406	1.6230494641273703	23.137	0.149	r
60798.08489805555	14.631141487637661	2.491263553290433	1.6230550971945674	22.866	0.126	r
60798.085868159724	14.631448438147261	2.491266018866364	1.623064645254204	22.891	0.117	r
60798.08634686343	14.631599909032383	2.4912672355186327	1.623069356486312	23.125	0.145	r
60798.08682986111	14.631752741691109	2.4912684630849236	1.623074109772641	22.979	0.129	r
60798.08730986111	14.631904628704406	2.4912696830315633	1.6230788333481168	23.086	0.133	r
60798.08779326389	14.632057595567318	2.491270911626996	1.6230835902035357	23.035	0.124	r
60798.08827385417	14.632209675295249	2.4912721330726297	1.623088319170202	22.934	0.116	r
60798.088755763885	14.632362175823312	2.4912733578732413	1.6230930609199372	22.94	0.118	r
60798.09070195602	14.632978080029009	2.49127830422269	1.6231122083547573	23.3	0.142	r
60798.09263865741	14.633591032021485	2.4912832264482363	1.6231312590983784	23.008	0.125	r
60798.09311585648	14.633742070016918	2.4912844392730604	1.6231359526535725	23.091	0.119	r
60798.09408915509	14.63405013819974	2.491286912959073	1.6231455250478843	23.0	0.119	r
60798.09508576389	14.634365598438253	2.4912894458876926	1.6231553258423066	23.06	0.126	r
60798.09556436342	14.634517096432704	2.491290662271208	1.623160032154611	23.005	0.125	r
60798.09652936343	14.634822571819265	2.491293114863466	1.6231695208862227	23.079	0.13	r
60798.09749425926	14.635128027840574	2.4912955671895998	1.623179007790823	22.829	0.109	r
60798.097968263886	14.635278087993406	2.4912967718930887	1.6231836679350904	23.092	0.133	r
60798.09844565972	14.635429225039218	2.491297985214563	1.623188361223084	22.978	0.128	r
60798.09893606482	14.63558448432808	2.491299231600363	1.6231931822068977	22.981	0.125	r
60798.09950956018	14.635766054100431	2.4913006891633356	1.6231988197596352	22.9	0.113	r
60798.09998466435	14.635916476882992	2.4913018966611955	1.623203489901831	22.885	0.156	r
60798.10407486111	14.63721161843219	2.4913122920569712	1.6232436875223466	24.022	0.215	g
60798.104559363426	14.637365051358264	2.4913135234377557	1.6232484481894678	23.659	0.158	g
60798.10552525463	14.637670942543942	2.491315978285709	1.6232579383531922	23.627	0.15	g
60798.10697975694	14.638131602138424	2.491319674954113	1.6232722278151903	23.521	0.145	g
60798.107463657405	14.638284867306794	2.491320904803098	1.6232769814119137	23.432	0.115	g
60798.10793805555	14.638435126600994	2.4913221105014625	1.6232816414779798	23.773	0.164	g
60798.10842106481	14.638588117321316	2.4913233380859165	1.6232863859479008	23.63	0.153	g
60798.108903761575	14.638741012831002	2.4913245648748057	1.6232911271554353	23.679	0.161	g
60798.109881261575	14.639050650732079	2.491327049221448	1.6233007279114355	23.776	0.17	g
60798.110360659724	14.639202513338137	2.4913282676268915	1.6233054361594343	23.832	0.186	g
60798.111828761575	14.639667599564286	2.4913319988514573	1.623319853483922	23.52	0.139	g
60798.1123115625	14.639820556233516	2.4913332259036456	1.6233245943993213	23.779	0.179	g
60798.1132790625	14.640127083130736	2.491335684831169	1.6233340943135377	23.643	0.164	g
60798.11426635417	14.640439897569154	2.491338194059553	1.623343787807062	23.862	0.183	g
60798.114749953704	14.640593127976398	2.491339423140144	1.6233485356371398	23.751	0.178	g
60798.11572255787	14.640901314152122	2.4913418950384916	1.6233580838142576	23.551	0.148	g
60798.11717415509	14.641361308969532	2.4913455843068455	1.6233723329597705	23.534	0.145	g
60798.11870555556	14.6418466341427	2.491349476394336	1.6233873637145066	23.751	0.175	g
60798.11918826389	14.641999621176211	2.4913507032085582	1.623392101149118	23.667	0.206	g
60798.119673263885	14.642153338720433	2.4913519358456404	1.6233968608922862	23.647	0.146	g
60798.12016445602	14.642309023324223	2.491353184220198	1.6234016812245333	23.938	0.19	g
60798.12114415509	14.642619554933113	2.491355674143938	1.623411294995398	23.47	0.13	g
60798.12211305556	14.642926681578922	2.4913581366220168	1.623420802094449	23.836	0.187	g
60798.12259716435	14.6430801433831	2.4913593669931755	1.6234255520331013	23.772	0.155	g
60798.12357675926	14.643390687198167	2.491361856649639	1.623435163008243	23.63	0.155	g
60798.12454546296	14.643697796475733	2.491364318624521	1.6234446664322213	23.403	0.126	g
60798.12504675926	14.643856730254253	2.4913655926768077	1.623449584110081	23.526	0.146	g
60798.12653505787	14.644328617498706	2.491369375207798	1.6234641831237662	23.664	0.18	g
60798.128992060185	14.645107742335984	2.4913756197065116	1.623488280857818	23.948	0.178	g
60798.12946826389	14.645258762359154	2.4913768299832166	1.623492950863542	23.526	0.13	g
60798.131434953706	14.645882513402574	2.491381828341478	1.6235122359846406	23.531	0.137	g
60798.13191865741	14.646035935918265	2.4913830576780565	1.6235169787125494	23.552	0.125	g
60798.13240675926	14.646190758174171	2.4913842981911736	1.6235217643960613	23.553	0.14	g
60798.13290076389	14.646347457871068	2.4913855537070164	1.6235266077914012	23.857	0.198	g
60798.13347206019	14.64652868105047	2.491387005660232	1.6235322087744533	23.945	0.198	g
60798.134443055555	14.646836709673394	2.4913894734485003	1.6235417278849376	23.648	0.145	g
60799.02601576389	14.930824282733692	2.4936549675125805	1.6324883239764552	22.611	0.113	i
60799.02652025463	14.930980403977909	2.493656249174279	1.6324934095938994	22.771	0.11	i
60799.02704335648	14.93114228504499	2.493657578118449	1.6324986825497583	22.877	0.149	i
60799.02752945602	14.931292715460868	2.493658813057553	1.632503582260927	22.719	0.112	i
60799.02801326389	14.931442436844128	2.4936600421735866	1.6325084586263403	22.968	0.157	i
60799.0284990625	14.931592774704603	2.4936612763479236	1.6325133548168593	22.853	0.111	i
60799.02898076389	14.931741844880037	2.493662500112653	1.6325182094702075	22.854	0.138	i
60799.02994986111	14.932041748375335	2.4936649621072084	1.6325279754349897	22.646	0.11	i
60799.03095555556	14.932352979120493	2.4936675170760876	1.6325381091771822	22.779	0.122	i
60799.03143986111	14.932502857213406	2.4936687474560584	1.6325429888471392	22.759	0.125	i
60799.032896157405	14.93295353984559	2.4936724471771305	1.6325576604375562	22.744	0.115	i
60799.03339486111	14.933107875663058	2.493673714133586	1.6325626841715575	22.709	0.11	i
60799.03440755787	14.933421280851137	2.493676286888652	1.6325728848717231	22.67	0.126	i
60799.035401863424	14.933728996963998	2.4936788129195264	1.6325828992935132	22.946	0.128	i
60799.03588645833	14.933878969526337	2.4936800440305174	1.6325877796529995	22.877	0.122	i
60799.037353761574	14.934333075521506	2.4936837717082114	1.6326025554175914	22.794	0.126	i
60799.038335763886	14.934636992765709	2.4936862664794606	1.6326124429622368	22.737	0.116	i
60799.03884606482	14.93479492572853	2.493687562895676	1.6326175806700232	22.6	0.116	i
60799.083993657405	14.948774537605575	2.4938022588791204	1.6330711059600709	23.078	0.096	r
60799.08446626157	14.948920981890113	2.493803459502605	1.6330758432245254	23.011	0.118	r
60799.08498846065	14.94908279728197	2.493804786118447	1.6330810773807023	22.965	0.089	r
60799.085495162035	14.949239813594406	2.493806073361888	1.633086155960336	22.917	0.083	r
60799.08645275463	14.949536561299064	2.493808506068447	1.6330957531269459	23.029	0.103	r
60799.08746826389	14.949851269848235	2.493811085906344	1.6331059298454682	22.928	0.116	r
60799.087946458334	14.949999468207544	2.4938123007296706	1.633110721658076	23.034	0.106	r
60799.08891106481	14.950298421054548	2.4938147512516347	1.633120387011372	22.837	0.091	r
60799.08988535879	14.950600389087189	2.4938172263821174	1.633130148595748	23.132	0.101	r
60799.090375659725	14.950752355582097	2.4938184719592877	1.6331350606715824	23.161	0.124	r
60799.09183615741	14.951205050128944	2.4938221822566295	1.6331496914112464	22.899	0.091	r
60799.092355960645	14.951366175163022	2.4938235027816447	1.633154898163626	23.029	0.094	r
60799.09434145833	14.9519816619141	2.493828546801585	1.633174784290803	22.91	0.088	r
60799.09482096065	14.952130311956521	2.4938297649429706	1.6331795863245555	22.966	0.093	r
60799.09583436343	14.952444487280594	2.4938323394205626	1.6331897345235424	22.956	0.089	r
60799.0968278588	14.952752505843726	2.4938348633239866	1.6331996825187283	22.823	0.097	r
60799.0973028588	14.952899777814507	2.493836070026661	1.6332044384560809	22.901	0.094	r
60799.09779126157	14.95305120882315	2.493837310777664	1.6332093283883056	22.831	0.081	r
60799.098870856484	14.953385954151111	2.493840053408516	1.6332201366770636	23.032	0.114	r
60799.09988065972	14.953699075739548	2.4938426187370144	1.633230245360383	22.988	0.105	r
60799.100400358795	14.953860231127322	2.4938439389922773	1.633235447497981	22.805	0.085	r
60799.101856458336	14.954311781218724	2.4938476380997066	1.6332500217173453	22.997	0.111	r
60799.102375462964	14.954472737593461	2.493848956589982	1.633255216051501	22.979	0.124	r
60799.103849259256	14.954929822493277	2.493852700650722	1.633269964975417	22.876	0.093	r
60799.10482486111	14.955232416335852	2.4938551790875754	1.6332797272698159	23.029	0.094	r
60799.105318263886	14.955385456801947	2.493856432537366	1.6332846641784522	23.03	0.103	r
60799.10676486111	14.955834175923334	2.493860107495695	1.633299137444801	22.996	0.098	r
60799.107274664355	14.95599232003403	2.4938614026086974	1.633304237650065	22.965	0.094	r
60799.10823016203	14.956288732857315	2.4938638299680855	1.6333137961257893	22.8	0.085	r
60799.1091999537	14.956589596035139	2.493866293640122	1.6333234968508168	22.92	0.097	r
60799.11111615741	14.957184117013327	2.4938711615863753	1.633342662237717	22.991	0.093	r
60799.112077060185	14.957482270761043	2.4938736026734976	1.6333522718560665	22.811	0.084	r
60799.11254835648	14.957628512913097	2.4938747999588773	1.6333569848440586	22.921	0.085	r
60799.11361826389	14.957960517509697	2.49387751796105	1.63336768333538	22.913	0.101	r
60799.114615162034	14.95826988491421	2.4938800504877507	1.6333776509721105	22.891	0.092	r
60799.11512106482	14.95842688866009	2.493881335686457	1.6333827090259425	22.947	0.085	r
60799.116083657405	14.95872563613386	2.493883781062178	1.6333923325571875	23.073	0.103	r
60799.11704016204	14.959022511020336	2.4938862109707194	1.633401894523242	23.204	0.122	r
60799.117556655096	14.959182824563142	2.493887523072253	1.6334070575049955	23.019	0.094	r
60799.118527453706	14.959484162642683	2.4938899892915445	1.6334167612776227	23.058	0.1	r
60799.11948596065	14.959781702751862	2.493892424284169	1.6334263414939652	22.928	0.079	r
60799.11996665509	14.959930926589053	2.4938936454401905	1.6334311457443313	23.008	0.082	r
60799.12192055555	14.960537529104872	2.493898609127467	1.6334506720446673	22.831	0.082	r
60799.12290326389	14.960842645819424	2.4939011055974243	1.6334604916790254	22.861	0.086	r
60799.123873958335	14.961144050943767	2.4939035715469826	1.6334701905785776	23.162	0.098	r
60799.12434456019	14.96129018163775	2.493904767062218	1.6334748924512816	22.914	0.078	r
60799.12533596065	14.961598044241706	2.4939072856106446	1.63348479719742	22.968	0.09	r
60799.12628826389	14.96189378431881	2.4939097048363914	1.6334943106777677	22.928	0.112	r
60799.127292164354	14.962205567489036	2.4939122551368764	1.6335043389103359	22.944	0.1	r
60799.12778365741	14.962358218919611	2.4939135037226787	1.633509248313008	22.899	0.106	r
60799.12835706019	14.962536316498548	2.4939149603900006	1.6335149756732659	22.893	0.094	r
60799.12884745371	14.962688636887313	2.493916206181054	1.6335198737239534	22.862	0.121	r
60799.12935815972	14.96284727175247	2.493917503573785	1.6335249744791271	23.086	0.102	r
60799.12986915509	14.963006001776337	2.4939188017008322	1.633530077941515	22.99	0.082	r
60799.130825555556	14.963303101992366	2.4939212313293373	1.6335396293129902	22.998	0.085	r
60799.131317962965	14.963456072883389	2.4939224822353085	1.6335445466396383	23.093	0.109	r
60799.13231626157	14.963766218938101	2.493925018300204	1.6335545154379554	23.016	0.086	r
60799.132796157406	14.963915317869267	2.4939262374215887	1.6335593073380088	22.995	0.096	r
60799.13327326389	14.964063554824545	2.4939274494555965	1.6335640712273953	22.928	0.079	r
60799.134261354164	14.964370569792193	2.4939299595854445	1.6335739367892759	23.0	0.083	r
60799.13620995371	14.964976090344758	2.4939349097740355	1.6335933906249955	22.852	0.079	r
60799.13671986111	14.965134555740857	2.493936205133698	1.6335984808729196	23.071	0.085	r
60799.13767675926	14.965431948771116	2.4939386360192985	1.6336080328319469	22.889	0.081	r
60799.14335815972	14.96719807527323	2.493953068919264	1.6336647337522594	23.611	0.12	g
60799.14480016204	14.967646451692913	2.493956732142553	1.6336791218774127	23.506	0.14	g
60799.14531025463	14.967805071233037	2.493958027967674	1.6336842112192396	23.711	0.125	g
60799.14579055556	14.967954432047934	2.493959248110373	1.6336890031769074	23.694	0.138	g
60799.14676686343	14.968258053953605	2.4939617282937485	1.633698743364506	23.835	0.146	g
60799.147740960645	14.968561010121762	2.493964202860674	1.6337084609359445	23.723	0.116	g
60799.148215960646	14.968708748862051	2.4939654095360484	1.6337131993234333	23.729	0.117	g
60799.14965525463	14.969156442530384	2.493969065871292	1.6337275562687825	23.76	0.132	g
60799.1501324537	14.969304886350805	2.493970278131948	1.6337323160625743	23.619	0.103	g
